32100 31301 9636 
29868 11930 31857 
3573 24194 15105 
25282 31926 24674 
12596 23025 8717 
1775 21528 7907 
30367 6729 29981 
32728 2037 18658 
17344 32230 25636 
29837 13909 8870 
26797 21976 28675 
24109 30882 27036 
18448 317 24074 
23762 22110 10173 
23175 27304 10550 
10087 11062 24789 
2117 22209 983 
15913 26852 16462 
17710 8040 30621 
5637 29352 28248 
23274 30978 11074 
1817 4927 27004 
10663 18357 7243 
29431 3992 15864 
13180 26810 145 
26498 26561 18052 
20394 14362 22163 
2427 17595 23109 
14902 5477 15555 
24087 11580 31258 
10635 19018 18252 
11577 13446 17293 
30497 3099 2300 
15902 15829 14853 
2407 28059 12128 
11938 29726 26390 
23644 2224 15152 
10599 2315 30969 
5011 32710 21914 
22917 32638 29337 
15271 17678 22547 
14986 1282 17076 
6721 27101 8112 
23026 31465 16384 
29494 8913 1599 
23396 6932 9819 
20084 15756 10895 
9043 28050 21860 
23987 2851 24231 
979 23449 19222 
29221 20115 28134 
13767 24969 13633 
20884 8410 17979 
23728 1269 2793 
30645 1155 14068 
24001 5352 31483 
15263 8399 15579 
781 10722 12245 
14998 24760 1685 
18913 10302 32661 
8378 3200 19841 
26544 767 12079 
15669 29846 7819 
4882 30267 687 
4854 31465 2986 
1742 14233 32575 
6185 17415 18953 
4836 157 5057 
26078 11166 18949 
29707 10681 25372 
1697 20532 11653 
9259 7770 14229 
11772 14381 30302 
30386 4461 18630 
15371 18050 10685 
10712 22286 1546 
22445 32690 18124 
12849 29530 5508 
28417 4047 7690 
30742 6054 15367 
24869 10426 9241 
5847 16002 31872 
17784 15341 5604 
31656 11341 32188 
965 21853 32113 
5840 7506 15264 
3626 1374 11702 
15234 11159 17696 
22683 26006 29006 
23391 17902 23206 
29507 26962 15075 
4261 16108 14502 
17466 25573 30626 
30302 21952 18570 
4683 4061 792 
12351 29750 26177 
13755 30759 31046 
19443 1086 29462 
9555 124 3796 
25602 1229 7835 
1299 31924 162 
12436 14587 13507 
10594 24266 25396 
3267 15778 27792 
31895 4538 28574 
30525 20720 13523 
11810 11134 12034 
19287 29866 25841 
22988 19160 26312 
27631 7947 5552 
15046 17833 14080 
27562 14220 19062 
20851 21246 18885 
30315 29688 3459 
29758 10285 3441 
28192 8078 16899 
25300 8835 3324 
24879 14639 17686 
28829 8063 24809 
19247 30397 4895 
1610 9096 14464 
177 27453 6382 
25545 29599 28245 
19773 6747 12464 
783 24715 19519 
14042 32599 6308 
4453 16984 25165 
7351 18062 1532 
30792 6478 29032 
3781 27 24707 
12283 1460 13720 
23153 14149 17372 
25939 23018 9505 
27833 28073 10600 
10606 706 20736 
25669 19052 10817 
15695 28718 18537 
3683 11490 10965 
25758 7307 1111 
8166 3924 2540 
20973 23357 16715 
22359 4606 11094 
1115 18257 7369 
26628 28508 31337 
8565 4454 6468 
9673 21075 23319 
18319 6154 9828 
30630 23524 77 
21531 14406 17653 
11143 26979 21702 
30375 11292 9444 
28611 11635 8112 
29826 11036 267 
1849 15655 24742 
2625 25945 20419 
21281 8229 5868 
12177 27499 28782 
6621 3483 22004 
30492 13885 7552 
5234 6491 15766 
10101 22486 26537 
21628 31626 13950 
19259 31334 10799 
4780 8861 17340 
9718 17719 4506 
31281 12954 24704 
2139 5971 17729 
8104 17875 19808 
14846 22016 22874 
4700 666 29377 
26519 24928 12948 
27902 13988 9781 
3174 11222 17773 
1826 29706 16110 
29273 257 27325 
31519 29997 2456 
30723 20331 12333 
11303 9195 26166 
7300 21566 26260 
26290 21989 15057 
12528 27292 2419 
10638 29384 31782 
19422 2158 16896 
12340 6863 27019 
1821 12490 3463 
1841 21252 19397 
30915 26679 16900 
22986 2530 7824 
4119 4477 7497 
21533 16997 6899 
21511 6597 2570 
30569 11445 11464 
17433 4406 9120 
9808 15073 2046 
7723 18762 3183 
3369 9582 25203 
23124 25747 13347 
28342 9896 23941 
7107 31669 590 
22501 17644 30374
