15732.24
52011.43
24661.22
40284.08
14231.84

12909.39
48948.57
30462.04
41854.69
14481.63

46816.33
44140.41
39304.49
16608.98
17224.49

40471.84
1604.90
26876.73
49993.47
46119.18

18080.00
31532.80
11825.31
25900.41
236.73
29472.65
36184.49
37728.98
25395.92
51033.47
29799.18
28233.47
3755.10
24249.80
19800.82
43085.71
24737.96
41872.59
35777.96
47897.14
36811.43
27879.18
13244.08
26749.39
2610.61
16031.02
17787.76
35689.80
39560.82
31382.86
45933.06
22257.96
29353.47
4560.00
22968.16
51400.82
25435.10
19991.84
2751.02
53324.08
32393.47
19720.82
12765.71
1121.63
4875.10
53183.67
30943.67
8256.33
30937.14
41423.67
19025.31
23231.02
49472.65
30416.33
17444.90
2524.08
29590.20
8992.65
12555.10
25088.98
15087.35
52035.92
9149.39
52551.84
52429.39
24920.82
14324.94
28891.43
47356.73
37887.35
24612.24
23676.73
50001.63
30318.37
1293.06
42737.96
50687.35
48101.22
6197.55
12791.84
264.49
22052.24
41462.86
45374.69
46651.43
22078.37
19647.35
42189.39
42958.37
9064.49
22987.76
31121.63
30832.65
5647.35
5617.96
27590.20
5426.94
28875.10
40504.49
7991.84
23614.69
10419.59
46114.29
20349.39
31867.76
10298.78
41085.71
2501.22
47399.18
14937.28
22400.00
28362.45
15518.37
17306.12
33854.69
17660.41
30264.49
17902.04
1813.88
4146.94
27289.80
18112.65
12031.02
51162.45
10560.00
38071.84
16045.71
125.71
28821.22
35431.84
15418.78
13244.08
435.92
40395.10
33337.14
9580.41
46991.02
22291.20
12329.80
25740.41
43325.71
22775.51
17631.02
28310.20
7356.73
40333.06
28945.31
32339.59
37345.31
18567.90
21139.59
15968.98
29017.14
26302.04
44612.24
4009.80
20135.51
42720.00
42873.47
24582.86
3949.39
51888.98
27585.31
43923.20
5653.88
31668.57
27591.84
12773.88
12240.00
11263.67
4195.92
18716.73
14889.80
3340.41
5196.73
41147.76
21791.02
39087.35
963.27
49590.20
